António Santos|29 2 1992|248606060|964751826|1 1 2020|70.25|
Inês Andrade|23 4 1995|268452179|912354785|28 2 2020|60|
Sérgio Ferreira|2 8 1992|258741635|912145684|1 2 2020|80.40|
Paulo Marques|18 6 1990|256325145|915845325|1 1 2020|75.10|
Daniel Esteves|30 1 1993|235214621|963214587|1 1 2020|25.90|
Júlia Neves|9 8 1991|256214589|965478546|22 8 2020|30.66|
Ana Coelho|3 6 1992|264512842|961254236|21 6 2020|100|
Filipa Silva|4 4 1994|248751264|912447556|19 2 2020|24.20|
Ricardo Antunes|10 5 1990|262314524|914785232|13 10 2020|65.53|
Telmo Tavares|12 5 1996|265874196|963541247|8 6 2020|20.99|
Henrique Gomes|3 11 1998|265478159|914785421|4 7 2020|19.05|
Tiago Oliveira|31 3 1995|254789624|925846312|1 1 2020|90.50|
Rui Figueiredo|17 2 1999|265412365|961595143|16 4 2020|75|
Vanessa Pinto|22 9 1995|246521452|962589636|29 9 2020|20.25|
Luís Travassos|3 4 1994|247896547|935147852|6 3 2020|65.33|
Gilberto Costa|5 2 1990|236578412|932145957|15 2 2020|32.80|
Jaime Rocha|18 8 1992|256412356|926547835|1 1 2020|45.60|
Sérgio Bento|20 1 1993|265478214|966420630|1 1 2020|50|
Bruno Cardoso|21 6 1993|245478123|967841231|14 2 2020|30.98|
Francisca Dias|12 6 1998|252854789|963214789|6 11 2020|10.10|
Renato Pacheco|31 8 1996|265412481|960202476|16 9 2020|7.50|
Carla Rodrigues|9 1 1995|265415237|917478965|3 5 2020|21.15|
Kevin Marques|16 12 1994|243215968|963212541|26 6 2020|30|
Santiago Leal|5 5 1993|264512354|935478954|19 4 2020|35.50|
Lucas Loureiro|22 1 1995|254152163|963214521|3 1 2020|52.60|
Diogo Silva|28 2 1996|262632547|963251245|30 1 2020|48.20|
Ana Magalhães|27 11 1996|254125412|963258456|26 3 2020|70.35|
Isabel Lança|6 10 1990|263265894|965471201|22 6 2020|66.99|
Maria Xadas|1 9 1994|265471259|912354786|31 1 2020|55|
Paulo Neto|23 8 1995|263251442|963214211|12 2 2020|23.50|
Mário Fernandes|19 4 1991|242156854|963554127|6 1 2020|50.20|
Jorge Nogueira|14 11 1990|252587412|963248946|9 1 2020|90|
Hugo Vieira|30 7 1993|254410303|961202325|1 2 2020|52.22|
Alberto Lima|27 1 1991|263214521|936321456|22 1 2020|60|
Rita Carvalho|13 9 1997|257894123|969874521|15 4 2020|45.80|
Tomás Vale|11 7 1995|256433029|964521478|11 1 2020|80.50|
Samuel Tinoco|28 11 1993|252687824|912364740|26 9 2020|19.60|
Alice Baptista|1 9 1991|249200356|936066381|5 1 2020|89.91|
Mónica Fontes|16 5 1994|267101819|965633404|14 4 2020|23.06|
Carolina Dias|30 5 1995|265813996|918444471|25 1 2020|70.99|
Eva Cavaleiro|25 6 1992|256065049|960966418|16 2 2020|52.73|
Miguel Alvim|17 2 1993|254017046|936928957|29 1 2020|80.95|
Sandro Roque|3 8 1996|241318519|915190238|13 3 2020|42.36|
Érica Morais|9 11 1994|249592567|910881792|9 11 2020|15.03|
David Pires|13 7 1992|244447745|967634791|8 8 2020|29.55|
Eduardo Valério|31 7 1995|261560185|935090608|17 1 2020|56.24|
Raquel Serrano|22 1 1994|245433261|961502545|30 9 2020|16.67|
Bernardo Silva|18 11 1994|249665964|916705209|10 5 2020|42.12|
João Santos|26 4 1996|252331195|965239802|1 1 2020|67.29|
Beatriz Cunha|13 12 1997|248889947|961878890|1 1 2020|13.38|
Duarte Flórido|12 2 1995|242087221|932568230|1 1 2020|83.43|
Vânia Costa|6 5 1992|251498749|961581200|20 8 2020|34.07|
João Rebelo|7 1 1994|263288258|930273861|9 11 2020|43.40|
Aníbal Campos|15 6 1995|251193435|939991560|1 1 2020|79.08|
José Valente|26 9 1991|249960861|969837448|1 1 2020|77.45|
Sandra Reis|22 2 1991|255411489|912372387|15 3 2020|41.53|
Sónia Gonçalves|29 11 1994|242474095|932048675|18 9 2020|39.76|
Hélio Fonte|1 12 1993|258510415|911923602|3 7 2020|32.93|
Sílvia Vigário|9 7 1994|246177555|917342846|12 6 2020|46.93|
Gustavo Morais|10 2 1996|244702738|937391202|1 1 2020|93.59|
Miguel Lourenço|3 3 1990|257468658|969845222|19 7 2020|39.75|
Rúben Oliveira|4 9 1995|248704314|966051093|1 1 2020|73|
Marco Freitas|16 4 1993|261224654|936655126|1 1 2020|71.09|
Artur Gomes|25 5 1993|263272326|963778052|1 1 2020|82.62|
Manuel Rocha|11 8 1992|241861152|931763064|2 1 2020|81.71|
Bárbara Amaral|19 3 1993|246062609|910651638|13 3 2020|58.94|
João Cunha|15 3 1994|246036661|967716740|11 3 2020|50|
Leandro Almeida|5 2 1992|243992535|964008490|22 3 2020|47.87|
André Mesquita|13 12 1994|265934688|935002564|4 9 2020|37.16|
Fábio Castro|4 10 1991|258776642|916583081|26 2 2020|67.89|
Gonçalo Semedo|14 8 1997|249745075|938914088|1 1 2020|47.09|
Bernardo Esgaio|26 4 1994|243893913|915401128|5 1 2020|49.71|
Rui Cavaleiro|2 10 1995|249844808|935401156|17 9 2020|33.67|
Elvira Coelho|27 3 1993|251341237|938651662|1 1 2020|65.83|
Olga Texeira|12 9 1994|242338398|961196776|29 5 2020|35|
Frederico Rocha|4 6 1993|264822803|915858842|6 10 2020|13.46|
André Venâncio|14 10 1996|248144776|914281671|20 1 2020|64.23|
Carlos Lisboa|22 3 1994|246736263|960324337|24 2 2020|44.04|
Ivo Pinheiro|7 1 1995|252480939|937787576|23 11 2020|9.36|
Joana Silva|28 2 1996|243988686|912646905|7 10 2020|7.02|
Tomás Marques|16 2 1992|254360401|917946901|1 1 2020|55.84|
Diogo Esteves|24 6 1993|269812684|936699645|16 8 2020|25.79|
Pedro Brito|9 1 1996|266947880|968603654|1 1 2020|89.50|
David Nóbrega|23 12 1995|248278029|968210438|5 10 2020|24.81|
Renato Paiva|14 8 1992|266522544|930306959|16 9 2020|15.01|
Mário Pinheiro|5 3 1993|243875618|913798514|1 2 2020|57.87|
Vitor Azevedo|28 10 1993|256067607|967320608|1 1 2020|60.94|
Rafaela Pereira|7 7 1997|250757667|968096494|17 3 2020|44.47|
Daniela Martins|19 7 1996|249502621|964507537|1 1 2020|58|
Inês Borges|8 1 1993|243020586|966897428|1 1 2020|86.48|
Pedro Lopes|2 7 1991|256577538|964879061|6 3 2020|44.96|
Rui Santiago|14 9 1994|250338562|919746771|1 1 2020|76.99|
Sofia Antunes|18 4 1995|261528195|910519137|4 4 2020|52.08|
Bruna Cardoso|20 5 1993|259278129|914666859|30 3 2020|43.50|
Carlos Monteiro|30 10 1993|253702984|938767258|10 1 2020|81.31|
Eduarda Ramos|1 12 1992|250380432|910694267|1 1 2020|77.47|
Guilherme Neves|6 3 1991|263075101|910128687|25 6 2020|36.78|
Júlia Freire|19 7 1990|260080862|968447303|1 1 2020|51.59|
Laura Mendes|30 11 1994|247964118|911558325|6 2 2020|42.19|
Nuno Jordão|2 1 1994|267658642|967581367|1 1 2020|79.13|
